0 0.17666666666666667 0.056338028169014086 0.14666666666666667 0.08513302034428795
0 0.16375 0.36870109546165886 0.1041666666666667 0.12644757433489828
0 0.17125 0.5164319248826291 0.12416666666666668 0.1815336463223788
0 0.06333333333333334 0.6059467918622848 0.10666666666666666 0.13521126760563384
0 0.06791666666666667 0.48763693270735525 0.09583333333333335 0.09890453834115805
0 0.33666666666666667 0.3830985915492958 0.075 0.10766823161189361
0 0.3929166666666667 0.6278560250391237 0.0625 0.10892018779342717
0 0.3804166666666667 0.22034428794992178 0.16083333333333333 0.15524256651017213
0 0.5516666666666666 0.5051643192488263 0.225 0.8701095461658842
0 0.52125 0.04507042253521128 0.07083333333333339 0.0701095461658842
0 0.8158333333333333 0.11017214397496089 0.07333333333333343 0.15023474178403756
0 0.77375 0.5270735524256651 0.2991666666666667 0.4056338028169015
0 0.9533333333333334 0.658528951486698 0.09333333333333335 0.1327073552425665
0 0.95078125 0.38028169014084506 0.0984375 0.41784037558685444
0 0.02666666666666666 0.11142410015649452 0.049999999999999996 0.0726134585289515