0 0.087796875 0.23875925925925923 0.1413697916666666 0.38227777777777777
0 0.239953125 0.46494444444444444 0.1882447916666666 0.12565740740740744
0 0.21726041666666665 0.3320092592592592 0.12351041666666669 0.1269814814814815
0 0.3452395833333333 0.2413981481481481 0.0788697916666667 0.10450000000000001
0 0.43340625 0.3207685185185185 0.14657812500000006 0.1785740740740741
0 0.4445677083333333 0.4411388888888889 0.06026562500000008 0.16534259259259268
0 0.536828125 0.3201018518518518 0.05282812499999991 0.1455
0 0.6901041666666666 0.32605555555555554 0.1197916666666666 0.16534259259259254
0 0.6246302083333333 0.23280555555555557 0.09151562500000007 0.10582407407407407
0 0.7834843749999999 0.16864814814814813 0.1235104166666666 0.2076759259259259
0 0.9077395833333333 0.2638888888888889 0.18154687500000008 0.48809259259259236
0 0.9081093749999999 0.6236759259259259 0.18378125000000017 0.24471296296296288
1 0.39508854166666674 0.8902129629629628 0.3854166666666667 0.21957407407407428
0 0.7314010416666666 0.6931203703703703 0.07886979166666652 0.11111111111111104
0 0.6320677083333333 0.44510185185185186 0.07217187500000008 0.1018518518518519