0 0.5704166666666667 0.5427230046948357 0.14416666666666664 0.46197183098591554
0 0.75125 0.8344287949921754 0.0875 0.15148669796557113
0 0.6825 0.7680751173708922 0.10833333333333339 0.10892018779342717
0 0.17916666666666667 0.6322378716744915 0.15500000000000003 0.5583724569640063
0 0.0675 0.5902973395931144 0.135 0.5971830985915493
0 0.26916666666666667 0.637245696400626 0.11500000000000003 0.3755868544600939
0 0.3441666666666667 0.6403755868544602 0.14833333333333334 0.15399061032863856
0 0.3825 0.8025039123630673 0.1483333333333333 0.15524256651017213
0 0.7870833333333334 0.6078247261345853 0.05916666666666659 0.1114241001564946
0 0.7608333333333334 0.3674491392801252 0.07166666666666668 0.3067292644757434
0 0.2891666666666667 0.3255086071987481 0.10166666666666666 0.15023474178403756
0 0.37333333333333335 0.350547730829421 0.075 0.1427230046948357
0 0.4883333333333334 0.22785602503912367 0.20999999999999996 0.39561815336463224
0 0.6929166666666667 0.20406885758998436 0.1791666666666666 0.3605633802816902