0 0.5195618153364632 0.6041666666666667 0.40813771517996866 0.265
1 0.6359937402190924 0.7908333333333334 0.2553990610328639 0.1416666666666666
1 0.19780907668231612 0.28583333333333333 0.09514866979655712 0.08166666666666664
1 0.1890453834115806 0.16500000000000004 0.08262910798122065 0.07666666666666669
1 0.2754303599374022 0.21333333333333332 0.14021909233176844 0.09333333333333335
1 0.44068857589984356 0.15 0.09514866979655719 0.07666666666666666
1 0.3280125195618154 0.11833333333333333 0.12018779342723002 0.08000000000000002
1 0.27292644757433493 0.0375 0.09514866979655714 0.05500000000000001
1 0.555868544600939 0.027500000000000004 0.08012519561815334 0.05500000000000001
1 0.9477308294209703 0.059166666666666666 0.09765258215962447 0.05500000000000001
1 0.23161189358372458 0.4366666666666667 0.09264475743348984 0.05666666666666664