0 0.2808333333333334 0.45758998435054776 0.07999999999999999 0.19154929577464794
0 0.4296875 0.9072769953051644 0.16875 0.18544600938967137
0 0.63203125 0.8990610328638498 0.1015625 0.20187793427230047
0 0.8108333333333334 0.37370892018779345 0.0833333333333333 0.49452269170579033
0 0.8570833333333334 0.5533646322378717 0.15583333333333335 0.5057902973395931
0 0.6120833333333333 0.39561815336463224 0.08249999999999993 0.25289514866979657
0 0.06291666666666666 0.49327073552425665 0.12583333333333332 0.2528951486697965
0 0.4758333333333334 0.7374021909233177 0.20500000000000007 0.25790297339593116
0 0.5445833333333334 0.5721439749608764 0.1708333333333334 0.17276995305164325
0 0.7037500000000001 0.704225352112676 0.1458333333333334 0.31173708920187787
0 0.88828125 0.9072769953051644 0.2171875 0.18544600938967137