0 0.69903125 0.6018518518518519 0.0736614583333333 0.11904629629629618
0 0.4330364583333333 0.6878333333333333 0.12202604166666667 0.11375925925925914
0 0.4914427083333333 0.9232777777777776 0.0825885416666667 0.09259259259259238
0 0.5729166666666666 0.47619444444444436 0.13839062500000007 0.11375925925925921
0 0.5193437499999999 0.3280462962962963 0.1383906249999999 0.3730185185185186
0 0.31919791666666664 0.31746296296296295 0.099703125 0.19841666666666666
0 0.3813229166666666 0.48412962962962963 0.2001510416666666 0.13491666666666666
0 0.17447916666666666 0.5119074074074074 0.07961458333333331 0.06084259259259268
0 0.07291666666666666 0.4543611111111111 0.14583333333333331 0.09920370370370364
0 0.107515625 0.3015833333333333 0.04241145833333334 0.10317592592592588
0 0.15364583333333331 0.3353148148148148 0.03794791666666666 0.12830555555555548
0 0.20647395833333332 0.3247314814814814 0.06175520833333337 0.09656481481481474
0 0.031510416666666666 0.35138888888888886 0.06302083333333333 0.12685185185185185
0 0.6994062499999999 0.3637592592592592 0.04910937499999992 0.2169351851851851