0 0.5433333333333333 0.26791862284820034 0.17333333333333342 0.28043818466353676
0 0.6570833333333334 0.07261345852895149 0.25250000000000006 0.14522691705790297
0 0.8425 0.4431924882629108 0.2833333333333333 0.2729264475743349
0 0.7383333333333334 0.23661971830985917 0.22666666666666674 0.17527386541471052
0 0.29708333333333337 0.5564945226917057 0.5041666666666667 0.31424100156494517
0 0.051250000000000004 0.6040688575899844 0.10250000000000001 0.26416275430359937
0 0.04916666666666667 0.1696400625978091 0.09833333333333334 0.17652582159624416
0 0.335 0.07511737089201878 0.08833333333333337 0.09514866979655712
0 0.2945833333333333 0.7956181533646323 0.40750000000000003 0.15899843505477312
0 0.471875 0.9389671361502347 0.515625 0.12206572769953052
0 0.5591666666666667 0.6639874804381847 0.175 0.15023474178403756