0 0.4605677083333333 0.6256574074074075 0.1904739583333333 0.31216666666666665
0 0.6216510416666666 0.7764537037037036 0.11830208333333321 0.2751296296296297
0 0.8656979166666666 0.7175925925925926 0.16592187500000008 0.3663981481481481
0 0.9278281249999999 0.8564814814814814 0.14434374999999983 0.28703703703703715
0 0.24851041666666665 0.9365092592592592 0.2336302083333333 0.12698148148148158
0 0.18489583333333331 0.7876944444444445 0.23586458333333335 0.17592592592592596
0 0.786828125 0.8101851851851851 0.12276562500000007 0.18915740740740747
0 0.07886979166666667 0.6375648148148149 0.13541666666666666 0.12434259259259256
0 0.23288541666666665 0.6163981481481482 0.15773958333333332 0.18253703703703697
0 0.6413697916666667 0.48478703703703707 0.0952395833333334 0.181212962962963
0 0.7593020833333333 0.47950000000000004 0.09598437500000001 0.11508333333333336