0 0.6050000000000001 0.7524256651017215 0.24833333333333343 0.282942097026604
0 0.25875000000000004 0.33615023474178407 0.1475 0.14147104851330203
0 0.28875 0.2028169014084507 0.18916666666666665 0.15774647887323942
0 0.20875000000000005 0.07073552425665103 0.1425 0.12895148669796558
0 0.0425 0.14710485133020346 0.085 0.2241001564945227
0 0.44833333333333336 0.339906103286385 0.06500000000000003 0.08638497652582162
0 0.5725 0.3355242566510172 0.12166666666666667 0.1602503912363067
0 0.7116666666666667 0.431924882629108 0.1916666666666667 0.20281690140845066
0 0.8675 0.24225352112676057 0.1 0.10892018779342724
0 0.9541666666666668 0.30985915492957744 0.07666666666666658 0.12143974960876373
0 0.46291666666666675 0.033802816901408454 0.054166666666666606 0.06760563380281691
0 0.54375 0.11455399061032864 0.050833333333333286 0.07636932707355246
0 0.51375 0.18654147104851332 0.06416666666666675 0.10015649452269174