0 0.2429322916666667 0.5866388888888889 0.05431770833333331 0.14947222222222223
0 0.21763541666666666 0.4113796296296296 0.13913541666666668 0.1455
0 0.1711302083333333 0.6210277777777777 0.10267708333333334 0.13624074074074063
0 0.038317708333333325 0.6203703703703703 0.07663541666666665 0.15873148148148158
0 0.11848958333333333 0.9004629629629629 0.23697916666666666 0.19907407407407396
0 0.6689010416666665 0.6064814814814814 0.3050572916666666 0.15212037037037035
0 0.6986614583333333 0.842787037037037 0.36607291666666664 0.31256481481481474
0 0.290921875 0.27645370370370365 0.0729166666666667 0.20899074074074073
0 0.3802083333333333 0.2685185185185185 0.09672395833333333 0.20635185185185187
0 0.4761927083333333 0.40675 0.1354166666666666 0.2764537037037037
0 0.625 0.3366388888888889 0.10267708333333321 0.22354629629629633
0 0.7314010416666666 0.255287037037037 0.1235104166666666 0.20370370370370372
0 0.8537968749999999 0.2506574074074074 0.078125 0.22354629629629624
0 0.9516354166666666 0.2361111111111111 0.09672395833333347 0.24735185185185177