0 0.12541666666666668 0.7449139280125197 0.25083333333333335 0.44319248826291074
0 0.34291666666666665 0.878247261345853 0.18250000000000002 0.23161189358372447
0 0.57125 0.8200312989045384 0.26916666666666667 0.1777777777777778
0 0.6379166666666667 0.6347417840375588 0.2241666666666667 0.22034428794992178
0 0.8550000000000001 0.7749608763693272 0.2899999999999999 0.255399061032864
0 0.4570833333333334 0.4206572769953052 0.47750000000000004 0.21032863849765263
0 0.8520833333333334 0.40125195618153364 0.2958333333333333 0.23661971830985917
0 0.3479166666666667 0.20907668231611892 0.27083333333333337 0.1877934272300469
0 0.42833333333333334 0.057589984350547734 0.10666666666666665 0.11517996870109547
0 0.14625000000000002 0.2779342723004695 0.14916666666666667 0.26040688575899845
0 0.6066666666666667 0.14021909233176838 0.22333333333333324 0.25790297339593116
0 0.8870833333333333 0.14773082942097027 0.21750000000000008 0.2854460093896714