0 0.3391666666666667 0.9039123630672927 0.11000000000000006 0.18779342723004694
0 0.43359375 0.9436619718309859 0.0828125 0.11267605633802817
0 0.20458333333333334 0.5070422535211268 0.11916666666666664 0.393114241001565
0 0.29125 0.5746478873239437 0.06583333333333333 0.1777777777777778
0 0.07875000000000001 0.849452269170579 0.13583333333333333 0.1564945226917057
0 0.14333333333333334 0.6560250391236307 0.1 0.1777777777777778
0 0.4029166666666667 0.6672926447574336 0.1358333333333334 0.42816901408450697
0 0.34 0.4087636932707356 0.07333333333333333 0.28419405320813773
0 0.41958333333333336 0.3674491392801252 0.07249999999999997 0.2967136150234742
0 0.47000000000000003 0.34553990610328644 0.05666666666666664 0.2854460093896714
0 0.5575 0.3530516431924883 0.12166666666666667 0.4331768388106417
0 0.6229166666666667 0.7618153364632239 0.1258333333333333 0.2716744913928013
0 0.5466666666666666 0.6247261345852895 0.17833333333333332 0.14272300469483565
0 0.7779166666666667 0.8857589984350549 0.1291666666666667 0.13896713615023484
0 0.9204166666666668 0.8763693270735525 0.15749999999999992 0.1777777777777778
0 0.6808333333333334 0.5896713615023474 0.09666666666666668 0.29045383411580594
0 0.6820833333333334 0.3649452269170579 0.1041666666666666 0.14147104851330203
0 0.8970833333333333 0.33302034428794997 0.10249999999999986 0.27793427230046946
0 0.7829166666666667 0.27918622848200314 0.10249999999999995 0.09514866979655714
0 0.7783333333333333 0.5370892018779343 0.08666666666666663 0.42065727699530525
0 0.85 0.45696400625978095 0.1 0.4006259780907668
0 0.07 0.5095461658841941 0.14 0.11017214397496089