0 0.1953125 0.7830648148148147 0.3162187499999999 0.4179907407407407
0 0.3656979166666666 0.45172222222222225 0.06473437500000001 0.15475925925925935
0 0.2120520833333333 0.07275 0.130953125 0.1455
0 0.35859375 0.07453703703703704 0.10260416666666661 0.14907407407407408
0 0.4122031249999999 0.15938888888888889 0.11160937499999993 0.10713888888888887
0 0.47730729166666663 0.08663888888888888 0.06026562500000008 0.05158333333333332
0 0.537203125 0.11639814814814814 0.09375 0.11639814814814815
0 0.591890625 0.10978703703703702 0.04984895833333329 0.11904629629629626
0 0.6901041666666666 0.10317592592592592 0.11532812499999992 0.1322777777777778
0 0.40104166666666663 0.6560833333333334 0.1101197916666667 0.12434259259259256
0 0.6547604166666667 0.6157407407407406 0.19196354166666668 0.2791018518518518
0 0.8891354166666666 0.6772499999999999 0.08928645833333312 0.16931481481481478
0 0.7626510416666666 0.7890185185185185 0.20535937499999993 0.4219537037037036
0 0.796875 0.15608333333333332 0.13541666666666669 0.31216666666666665
0 0.9642864583333333 0.3630925925925925 0.07142708333333339 0.11772222222222221
0 0.9014114583333332 0.30290740740740735 0.0796145833333334 0.13491666666666666
0 0.9613072916666667 0.10780555555555556 0.0773802083333333 0.21561111111111111
0 0.9661458333333333 0.5158703703703703 0.06770833333333322 0.15343518518518523
1 0.5 0.3346574074074074 0.18303645833333332 0.11904629629629634
0 0.17931770833333333 0.2625648148148148 0.1011927083333333 0.09656481481481478