0 0.21333333333333332 0.5846635367762129 0.1416666666666667 0.1652582159624414
0 0.39083333333333337 0.5107981220657277 0.21333333333333337 0.24538341158059468
0 0.38 0.12018779342723006 0.1916666666666667 0.11017214397496089
0 0.6104166666666667 0.059467918622848205 0.0958333333333334 0.09890453834115807
0 0.7133333333333334 0.2215962441314554 0.12333333333333325 0.10766823161189361
0 0.62 0.28043818466353676 0.14833333333333326 0.11017214397496089
0 0.6058333333333333 0.49640062597809076 0.14666666666666667 0.2992175273865414
0 0.7654166666666666 0.42629107981220665 0.15583333333333335 0.20907668231611892
0 0.8825000000000001 0.5539906103286385 0.2133333333333333 0.19655712050078245
0 0.546875 0.8368544600938967 0.21875 0.32629107981220656
0 0.7683333333333333 0.8625978090766824 0.23999999999999994 0.21533646322378722
0 0.8550000000000001 0.2917057902973396 0.12166666666666677 0.15273865414710483
0 0.925 0.1802816901408451 0.15 0.11267605633802817
0 0.9579166666666667 0.3568075117370892 0.0841666666666665 0.21784037558685448