0 0.185 0.5395931142410015 0.16000000000000003 0.538341158059468
0 0.0925 0.3230046948356808 0.05333333333333332 0.17527386541471052
0 0.37 0.5245696400625979 0.1483333333333333 0.16025039123630677
0 0.41958333333333336 0.6860719874804383 0.06583333333333333 0.0676056338028168
0 0.29875 0.9126760563380282 0.07583333333333338 0.0776212832550862
0 0.57125 0.32676056338028175 0.10250000000000004 0.07010954616588422
0 0.45625 0.3192488262910798 0.08583333333333343 0.09264475743348986
0 0.64875 0.2917057902973396 0.03416666666666668 0.07511737089201878
0 0.805 0.2447574334898279 0.08000000000000007 0.08638497652582162
0 0.8570833333333334 0.19780907668231612 0.07916666666666679 0.06760563380281692
0 0.9470833333333333 0.14021909233176838 0.10583333333333336 0.07010954616588422