0 0.3519322916666667 0.6765833333333333 0.3125 0.2023796296296296
0 0.21953125 0.07916666666666666 0.0828125 0.15833333333333333
0 0.2935260416666667 0.08730555555555554 0.072171875 0.17460185185185184
0 0.12871875 0.3095277777777778 0.099703125 0.07936111111111117
0 0.046875 0.21163888888888888 0.09375 0.13756481481481483
0 0.46465625 0.09391666666666668 0.15848437500000007 0.18783333333333335
0 0.4144322916666667 0.22817592592592592 0.1279739583333333 0.21296296296296294
0 0.5260416666666666 0.28438888888888886 0.1041666666666666 0.1798981481481481
0 0.6897343749999999 0.17725000000000002 0.16071354166666668 0.35450000000000004
0 0.7983645833333333 0.28968518518518516 0.21279687500000008 0.14286111111111108
0 0.9523802083333333 0.49867592592592597 0.0952395833333334 0.2169351851851851
0 0.7738072916666667 0.07672222222222222 0.0639895833333334 0.15343518518518517
0 0.23177083333333331 0.23280555555555557 0.07515104166666661 0.07672222222222223
0 0.13616145833333332 0.1964259259259259 0.07142708333333334 0.10978703703703697
0 0.05234375 0.07685185185185185 0.1046875 0.1
0 0.037572916666666664 0.4186481481481481 0.05431770833333331 0.10713888888888887