0 0.08671875 0.8779342723004695 0.1734375 0.24413145539906103
0 0.22578125 0.8990610328638498 0.1078125 0.20187793427230047
0 0.18041666666666667 0.5746478873239437 0.09583333333333333 0.15524256651017213
0 0.2341666666666667 0.3424100156494523 0.07333333333333333 0.10641627543035993
0 0.41208333333333336 0.6610328638497653 0.10083333333333329 0.4031298904538341
0 0.56 0.30547730829420977 0.13666666666666671 0.18528951486697967
0 0.71125 0.3286384976525822 0.09250000000000007 0.18654147104851335
0 0.5625 0.5251956181533647 0.14333333333333337 0.23661971830985912
0 0.7050000000000001 0.5295774647887325 0.05500000000000007 0.10516431924882631
0 0.8108333333333334 0.39248826291079814 0.06833333333333336 0.1464788732394367
0 0.8704166666666667 0.3436619718309859 0.0625 0.10892018779342727
0 0.5995833333333334 0.7029733959311425 0.26416666666666677 0.2341158059467919
0 0.9112500000000001 0.9364632237871675 0.12250000000000014 0.11267605633802817
0 0.9316666666666666 0.7161189358372457 0.053333333333333496 0.10266040688575903
0 0.9166666666666667 0.48763693270735525 0.0783333333333335 0.10641627543035989
0 0.975 0.6197183098591549 0.05 0.0826291079812207