0 0.09411979166666665 0.5615092592592592 0.18378125 0.13095370370370382
0 0.06138541666666666 0.44709259259259254 0.12276562499999999 0.108462962962963
0 0.05755208333333332 0.3537037037037037 0.11510416666666665 0.10185185185185183
0 0.18638541666666666 0.37169444444444444 0.10193229166666669 0.06613888888888886
0 0.27269270833333337 0.4543611111111111 0.134671875 0.23941666666666667
0 0.3746302083333333 0.4186481481481481 0.09746874999999995 0.11243518518518525
0 0.4300572916666667 0.3273796296296296 0.0922604166666666 0.09656481481481478
0 0.49628125 0.39219444444444446 0.10267708333333339 0.1494722222222222
0 0.5636145833333334 0.27182407407407405 0.06473437499999993 0.15212037037037035
0 0.5669635416666666 0.4173240740740741 0.07142708333333321 0.11508333333333336
0 0.6692708333333333 0.3419351851851852 0.16741145833333332 0.38491666666666663
0 0.6711302083333333 0.6031759259259258 0.2217239583333333 0.20635185185185176
0 0.8638385416666665 0.7242037037037037 0.08630729166666669 0.21825000000000006
0 0.8232864583333332 0.28571296296296284 0.1242552083333334 0.46296296296296285
0 0.9700520833333333 0.8513888888888889 0.05989583333333322 0.21388888888888888
0 0.5037187499999999 0.6779074074074074 0.06547395833333329 0.0912685185185184
0 0.4375 0.6111111111111112 0.056546874999999906 0.08465740740740747
0 0.42261979166666663 0.5152129629629628 0.07142708333333339 0.08068518518518522
0 0.375 0.5833333333333334 0.026786458333333395 0.07672222222222208
0 0.328125 0.13293518518518518 0.04315624999999992 0.12301851851851854
0 0.5703125 0.13293518518518516 0.0736614583333333 0.09391666666666665
0 0.9747031249999999 0.2929907407407407 0.05059374999999981 0.141537037037037
1 0.25371875 0.8842592592592592 0.3199427083333333 0.2314814814814816