0 0.3954166666666667 0.5496087636932708 0.13583333333333333 0.26040688575899845
1 0.21625 0.4281690140845071 0.060833333333333336 0.16275430359937398
1 0.14500000000000002 0.4475743348982786 0.07999999999999999 0.19405320813771523
1 0.21750000000000003 0.6297339593114242 0.11166666666666665 0.1527386541471049
1 0.4287500000000001 0.19342723004694837 0.17416666666666672 0.13646322378716744
1 0.28708333333333336 0.08951486697965572 0.060833333333333336 0.08888888888888888
1 0.7754166666666668 0.06009389671361503 0.07083333333333339 0.06259780907668233
1 0.7750000000000001 0.19593114241001566 0.15166666666666676 0.1740219092331768
1 0.685 0.45508607198748047 0.225 0.2616588419405321
1 0.48958333333333337 0.4006259780907669 0.16583333333333333 0.24538341158059473
1 0.6754166666666668 0.7104851330203443 0.17583333333333329 0.22410015649452275
1 0.5179166666666667 0.6316118935837246 0.13416666666666668 0.21158059467918622
1 0.4654166666666667 0.8275430359937402 0.20083333333333328 0.13020344287949928