0 0.9254166666666667 0.8050078247261346 0.13249999999999992 0.19280125195618153
0 0.17833333333333334 0.7962441314553992 0.08833333333333333 0.1852895148669798
0 0.4991666666666667 0.6528951486697966 0.12666666666666676 0.26416275430359937
0 0.6725000000000001 0.6003129890453834 0.19000000000000003 0.431924882629108
0 0.6891666666666667 0.19843505477308296 0.19333333333333336 0.3968701095461659
0 0.34750000000000003 0.3154929577464789 0.10166666666666666 0.24538341158059473
0 0.23625000000000002 0.2184663536776213 0.15583333333333335 0.43442879499217535
0 0.29875 0.5270735524256651 0.18250000000000002 0.16525821596244125
0 0.11666666666666667 0.6660406885758999 0.20500000000000002 0.30547730829420966
0 0.3254166666666667 0.6779342723004695 0.21749999999999997 0.1439749608763694
0 0.50234375 0.9014084507042254 0.2234375 0.19718309859154928
0 0.9216666666666666 0.4242629107981221 0.15666666666666665 0.24287949921752733
0 0.8754166666666666 0.21143035993740222 0.07416666666666671 0.14021909233176844