0 0.3411458333333333 0.6772499999999999 0.2581822916666667 0.09259259259259255
0 0.3686770833333333 0.8670648148148148 0.28794791666666664 0.2658703703703705
0 0.8846718749999999 0.5588611111111111 0.2306562500000001 0.6336018518518518
0 0.6629479166666666 0.4887592592592592 0.06845312499999992 0.15212037037037035
0 0.52753125 0.31812037037037033 0.10267708333333339 0.2341296296296296
0 0.6532760416666666 0.31679629629629624 0.14434375 0.24735185185185185
0 0.9308020833333334 0.14153703703703704 0.1383906249999999 0.1984166666666666
0 0.39322916666666663 0.3908703703703703 0.09300520833333326 0.255287037037037
0 0.29761979166666663 0.4583333333333333 0.09375 0.23941666666666656
0 0.162203125 0.5119074074074074 0.09375 0.3333333333333333
0 0.052828125000000004 0.45635185185185184 0.09821354166666665 0.20635185185185176