0 0.400296875 0.594574074074074 0.09226041666666673 0.10978703703703697
0 0.6201614583333332 0.43981481481481477 0.05282812499999991 0.12037037037037032
0 0.03125 0.31746296296296295 0.04315625000000001 0.09259259259259255
0 0.22730729166666666 0.2804259259259259 0.1316979166666667 0.18253703703703705
0 0.41034375 0.23148148148148145 0.109375 0.3518518518518518
0 0.31956770833333337 0.4166666666666667 0.19270833333333331 0.11375925925925921
0 0.4925572916666667 0.35978703703703696 0.12946354166666668 0.07672222222222223
0 0.9222447916666667 0.3280462962962963 0.05878125000000019 0.09259259259259255
0 0.5941197916666667 0.21693518518518518 0.03943229166666669 0.23015740740740737
0 0.030880208333333325 0.48412962962962963 0.061755208333333325 0.108462962962963
0 0.13169791666666666 0.32672222222222225 0.04464062499999999 0.09787962962962966
0 0.13318229166666667 0.5145462962962963 0.05803645833333335 0.0820092592592592
0 0.4668906249999999 0.7810833333333334 0.0617552083333333 0.06746296296296286