0 0.17750000000000002 0.2998435054773083 0.09333333333333331 0.3192488262910798
0 0.10291666666666668 0.3593114241001565 0.11916666666666664 0.3355242566510172
0 0.07541666666666669 0.5158059467918623 0.1375 0.42316118935837244
0 0.09458333333333334 0.8663536776212832 0.13083333333333333 0.15023474178403756
0 0.24833333333333335 0.8100156494522691 0.17333333333333334 0.16275430359937412
0 0.41583333333333333 0.3956181533646322 0.10833333333333339 0.44068857589984345
0 0.5154166666666666 0.5809076682316119 0.1125 0.6209702660406886
0 0.6220833333333334 0.5239436619718311 0.0875 0.5746478873239437
0 0.6937500000000001 0.5627543035993741 0.09749999999999996 0.7098591549295776
0 0.77375 0.5865414710485133 0.11083333333333342 0.5921752738654147
0 0.8133333333333335 0.7649452269170579 0.11499999999999995 0.4607198748043818
0 0.87375 0.8018779342723005 0.14750000000000013 0.3793427230046949
0 0.8570833333333334 0.269170579029734 0.09250000000000007 0.11517996870109548
0 0.9445833333333334 0.36244131455399065 0.10249999999999986 0.10641627543035989
0 0.9175000000000001 0.45195618153364636 0.09333333333333335 0.07511737089201878
0 0.3953125 0.8791079812206573 0.10625 0.24178403755868544
0 0.2879166666666667 0.37057902973395934 0.14583333333333331 0.11768388106416273