0 0.28583333333333333 0.7104851330203443 0.1416666666666667 0.10892018779342717
0 0.29291666666666666 0.5364632237871675 0.17250000000000004 0.22410015649452275
0 0.5541666666666667 0.6190923317683882 0.11666666666666661 0.1990610328638497
0 0.051250000000000004 0.2241001564945227 0.10250000000000001 0.2779342723004695
0 0.5933333333333334 0.3774647887323944 0.25500000000000006 0.22159624413145537
0 0.83625 0.4125195618153365 0.19916666666666671 0.13646322378716744
0 0.8237500000000001 0.24726134585289516 0.25749999999999995 0.1815336463223787
0 0.3820833333333334 0.34303599374021915 0.1625 0.1602503912363067
0 0.18583333333333335 0.3405320813771518 0.24333333333333335 0.22535211267605634
0 0.22916666666666669 0.11830985915492959 0.24000000000000005 0.23661971830985917
0 0.5125 0.1483568075117371 0.33000000000000007 0.26416275430359937
0 0.8329166666666667 0.07699530516431925 0.2925000000000001 0.1539906103286385
0 0.4241666666666667 0.8945226917057902 0.14166666666666666 0.13145539906103287
0 0.578125 0.8931924882629108 0.234375 0.2136150234741784
0 0.8800000000000001 0.8676306729264477 0.125 0.18904538341158053
0 0.6879166666666667 0.7624663536776214 0.1408333333333333 0.09139280125195606