0 0.4320833333333334 0.24726134585289516 0.22916666666666666 0.304225352112676
0 0.8458333333333334 0.2291079812206573 0.3083333333333333 0.12018779342723009
0 0.12625000000000003 0.4231611893583725 0.24416666666666664 0.16776212832550855
0 0.27166666666666667 0.9114241001564947 0.17666666666666667 0.11017214397496075
0 0.13583333333333333 0.6485133020344289 0.27 0.2754303599374023
0 0.4008333333333334 0.6341158059467918 0.2833333333333334 0.21408450704225357
0 0.38333333333333336 0.46885758998435056 0.32 0.15148669796557113
0 0.09625 0.13959311424100157 0.18083333333333335 0.11142410015649452
0 0.17 0.042566510172143975 0.34 0.08513302034428795
0 0.6908333333333335 0.45758998435054776 0.23833333333333337 0.16901408450704225
0 0.83625 0.7530516431924883 0.31916666666666665 0.3492957746478874
0 0.5441666666666667 0.821283255086072 0.265 0.17026604068857581