0 0.5825 0.27605633802816903 0.325 0.5521126760563381
0 0.4291666666666667 0.421283255086072 0.30666666666666664 0.26165884194053207
0 0.11541666666666668 0.425039123630673 0.22249999999999998 0.15649452269170583
0 0.34291666666666665 0.6522691705790298 0.4541666666666667 0.16275430359937412
0 0.6075 0.6541471048513302 0.1450000000000001 0.19405320813771515
0 0.4171875 0.8896713615023474 0.3 0.22065727699530516
0 0.7725000000000002 0.7455399061032865 0.18833333333333338 0.3092331768388107
0 0.65390625 0.8615023474178404 0.3046875 0.27699530516431925
0 0.7454166666666667 0.3023474178403756 0.14916666666666673 0.5471048513302036
0 0.14625 0.08888888888888889 0.20750000000000002 0.17777777777777778
0 0.90703125 0.5 0.1859375 0.26291079812206575
0 0.9495833333333333 0.22660406885759002 0.10083333333333329 0.34303599374021915