0 0.5191666666666668 0.8006259780907669 0.23499999999999996 0.27918622848200303
0 0.7529166666666667 0.7392801251956181 0.1625 0.1114241001564946
0 0.8095833333333333 0.23849765258215966 0.14083333333333342 0.15649452269170577
0 0.48291666666666666 0.18841940532081378 0.12416666666666672 0.13896713615023476
0 0.5833333333333334 0.24663536776212835 0.09666666666666668 0.1327073552425665
0 0.6179166666666667 0.4456964006259781 0.15749999999999992 0.16275430359937412
0 0.4804166666666667 0.39248826291079814 0.1258333333333333 0.1640062597809077
0 0.2654166666666667 0.4006259780907669 0.16416666666666666 0.22535211267605634
0 0.2354166666666667 0.789358372456964 0.19749999999999998 0.33928012519561807
0 0.16541666666666668 0.29921752738654145 0.18083333333333335 0.1302034428794992
0 0.08916666666666667 0.4563380281690141 0.17833333333333334 0.18403755868544608
0 0.07083333333333333 0.615962441314554 0.14166666666666666 0.15774647887323948
0 0.7862500000000001 0.5045383411580595 0.17749999999999994 0.10015649452269175
0 0.8191666666666666 0.6115805946791862 0.09833333333333343 0.09389671361502347
0 0.70125 0.26040688575899845 0.07750000000000004 0.12018779342723002