0 0.4356406249999999 0.3333333333333333 0.15401562500000004 0.140212962962963
0 0.7607864583333332 0.7380925925925925 0.171875 0.1851851851851851
0 0.6770833333333333 0.5019814814814814 0.13244270833333333 0.15475925925925935
0 0.5710572916666667 0.41468518518518516 0.0930052083333333 0.17327777777777775
0 0.6123489583333332 0.30357407407407405 0.04910937499999992 0.09391666666666668
0 0.7611614583333333 0.40079629629629626 0.05654687500000009 0.09524074074074076
0 0.6078854166666667 0.15674999999999997 0.06547395833333329 0.19973148148148148
0 0.4419635416666667 0.13425925925925924 0.1815468749999999 0.26323148148148146
0 0.10081770833333333 0.20700925925925923 0.08556770833333331 0.09656481481481478
0 0.030135416666666665 0.1554259259259259 0.057291666666666664 0.07539814814814816
0 0.16666666666666666 0.18518518518518515 0.05357291666666666 0.12698148148148145
0 0.2797604166666666 0.1554259259259259 0.13541666666666669 0.14682407407407405
0 0.2875729166666666 0.37434259259259256 0.0617552083333333 0.08200925925925932
1 0.09739583333333332 0.5199074074074074 0.19479166666666664 0.18981481481481477