1 0.7145833333333333 0.2917057902973396 0.11916666666666664 0.14773082942097027
1 0.73875 0.19467918622848202 0.054166666666666606 0.053834115805946804
1 0.9504166666666667 0.16275430359937404 0.09916666666666671 0.12018779342723003
1 0.8816666666666666 0.31361502347417847 0.058333333333333216 0.07887323943661974
1 0.9162500000000001 0.5370892018779343 0.08583333333333343 0.11768388106416273
1 0.9636666666666667 0.7837245696400627 0.07233333333333328 0.16275430359937412
1 0.34958333333333336 0.13082942097026604 0.060833333333333336 0.08388106416275429
1 0.45166666666666666 0.23161189358372458 0.13666666666666671 0.1527386541471049
1 0.20583333333333337 0.38247261345852895 0.17 0.17151799687010955
1 0.21166666666666667 0.555868544600939 0.09333333333333335 0.18278560250391238
1 0.2791666666666667 0.9226917057902975 0.09000000000000004 0.09765258215962447
1 0.33666666666666667 0.701095461658842 0.08833333333333337 0.11517996870109559
1 0.41375 0.725508607198748 0.08249999999999998 0.09389671361502347
1 0.5466666666666666 0.6779342723004695 0.15 0.1740219092331768
1 0.6070833333333334 0.4826291079812207 0.16916666666666663 0.2190923317683882
1 0.4520833333333334 0.37308294209702664 0.13416666666666668 0.11267605633802817
1 0.5375 0.5358372456964007 0.3116666666666667 0.44569640062597815
0 0.33375000000000005 0.5051643192488264 0.09916666666666671 0.2065727699530517