0 0.29609375 0.8967136150234741 0.1046875 0.20657276995305165
0 0.58875 0.7517996870109547 0.21916666666666665 0.3092331768388107
0 0.3066666666666667 0.5389671361502348 0.2833333333333333 0.4794992175273865
0 0.1015625 0.863849765258216 0.203125 0.27230046948356806
0 0.7570833333333333 0.6472613458528952 0.13250000000000012 0.3230046948356808
0 0.8904166666666666 0.6184663536776214 0.1375 0.28794992175273865
0 0.7708333333333334 0.7630672926447575 0.3033333333333334 0.15148669796557113
0 0.37208333333333343 0.8538341158059468 0.11583333333333337 0.15273865414710497
0 0.8329166666666667 0.9439749608763695 0.09916666666666671 0.10015649452269161
0 0.9529166666666666 0.9276995305164321 0.07916666666666679 0.10015649452269161
0 0.5683333333333334 0.3480438184663538 0.0833333333333334 0.5583724569640064
0 0.745 0.3755868544600939 0.1916666666666666 0.6410015649452268