0 0.5007447916666666 0.6752685185185184 0.0982135416666667 0.37962962962962954
0 0.6953125 0.7089907407407408 0.15848437499999993 0.40740740740740733
0 0.8917395833333334 0.8128333333333333 0.08258854166666688 0.22883333333333333
0 0.7388385416666666 0.9186481481481479 0.1651770833333332 0.12037037037037016
0 0.5308802083333333 0.8697129629629629 0.2046145833333334 0.17592592592592604
0 0.29947916666666663 0.8439166666666665 0.0766354166666666 0.07672222222222223
0 0.20163541666666665 0.8346574074074073 0.0669635416666666 0.06878703703703701
0 0.14583333333333331 0.7083333333333334 0.1636927083333333 0.09656481481481478
0 0.36160937499999996 0.6011944444444444 0.0625 0.08068518518518522
0 0.27604166666666663 0.5469537037037037 0.05505729166666669 0.1018518518518519
0 0.161828125 0.5529074074074074 0.04836458333333336 0.09524074074074065
0 0.03671875 0.5824074074074074 0.0734375 0.26851851851851855
0 0.053942708333333325 0.7791018518518518 0.10788541666666665 0.11639814814814807
0 0.42671354166666664 0.6521203703703703 0.052828125000000094 0.108462962962963